   0.000   0.0014   0.04018   0.02693   0.0008   1.0001   0.9999
   1.000   0.3032   0.03357   0.01893  -0.0409   0.0637   0.9999
   1.500   0.6218   0.03702   0.02387  -0.0963   0.1066   0.9999
   2.000   0.7630   0.04006   0.02866  -0.1079   0.2037   0.9999
   2.500   0.9380   0.03910   0.03108  -0.1261   0.4803   0.9999
   3.000   1.0156   0.04257   0.03602  -0.1314   0.5576   0.9999
   3.500   1.0240   0.04748   0.04136  -0.1214   0.5428   0.9999
   4.000   1.0152   0.05376   0.04776  -0.1069   0.5013   0.9999
   4.500   1.0000   0.06116   0.05503  -0.0904   0.4334   0.9999
   5.000   0.9746   0.06754   0.06136  -0.0737   0.3622   0.9999
   5.500   0.5863   0.07433   0.06830  -0.0419   0.7524   0.9999
   6.000   0.5063   0.08190   0.07557  -0.0300   0.8082   0.9999
